# list of object assets to load in this scene
[ASSETS]
scene\objectscene.txt
#
[OBJECTS]
# type	x	y	extra_settings per object type
# type: 0 = Mario , 1 = Brick, 2 = Goomba, 3 = Koopas
# See OBJECT_TYPE constants in AssetIDs.h

# MARIO
0	96	192

#PLATFORM
5	69	48	628	48
5	670	76	48	479
5	437	437	348	81
5	44	94	48	500
5	192	241	48	48
5	241	345	45	130
5	288	432	45	45
5	92	244	90	241
5	205	528	654	48

#Tree
14	48	96
14	96	96
14	144	96
14	144	144
14	96	144
14	48	144
14	48	240
14	96	240
14	144	240
14	144	287
14	96	288
14	48	336
14	244	144
14	292	144
14	340	144
14	340	144
14	336	193
14	289	193
14	241	192
14	241	240
14	289	238
14	336	238
14	288	340
14	336	340
14	432	288
14	480	242
14	528	242
14	575	240
14	624	241
14	672	241
14	624	192
14	625	143
14	624	96
14	672	96
14	672	145
14	672	192
14	673	290
14	672	336
14	673	384
14	673	433
14	673	480
14	672	529
14	436	144
14	481	145
14	529	144
14	48	288
14	480	288
14	432	240
14	384	336		

[MAP]
map\Overworld\overworld.txt	map\Overworld\overworld-1.png	1111	16	15	9	7
