# list of object assets to load in this scene
[ASSETS]
objectscene1.txt
#
[OBJECTS]
# type	x	y	extra_settings per object type
# type: 0 = Mario , 1 = Brick, 2 = Goomba, 3 = Koopas
# See OBJECT_TYPE constants in AssetIDs.h

# MARIO
0	120	1050
# BRICKS
#1	0	148
#1	0	164

#1	0	180
#1	16	180
#1	32	180
#1	48	180
#1	64	180
#1	80	180
#1	96	180
#1	112	180
#1	128	180
#1	144	180
#1	160	180
#1	176	180
#1	192	180
#1	208	180
#1	224	180
#1	240	180
#1	256	180
#1	272	180
#1	288	180
#1	304	180
#1	320	180
#1	336	180
#1	352	180

#1	352	148
#1	352	164

#COIN
4	3227	972
4	3323	874
4	3418	779
4	3515	684
4	3611	588
4	6503	1723
4	6551	1772
4	6599	1772
4	6647	1722
4	6647	1675
4	6600	1627
4	6550	1627
4	6647	1579
4	6647	1531
4	6599	1483
4	6551	1483
4	6503	1531
4	3959	262
4	4008	262
4	4056	262
4	4378	348
4	4427	347
4	4859	347
4	4910	347
4	4955	347
4	5003	347
4	4620	395
4	4665	395
4	4717	395
4	4763	395
4	5100	445
4	5149	348
4	5243	395
4	5387	347
4	5436	396

#Goomba
2	2681	1124
2	684	1162
2	2488	1162
2	1257	1124


#Platform
#5	90	136	16	15	16	51000	52000	53000
#5	120	90	16	16	8	20001	20001	20001
5	2	1248	1872	48
5	1056	1104	96	144
5	1872	1200	1392	96
5	3456	1248	1008	48
5	4560	1248	240	48
5	4752	1104	48	144
5	4656	1200	48	48
5	4704	1152	48	48
5	4944	1104	48	144
5	4992	1152	48	48
5	5040	1200	48	48
5	4944	1248	1703	48
5	5328	1152	96	100
5	5520	1104	96	144
5	6768	1248	1680	48			
5	6720	1152	96	96
5	6720	624	96	384
5	4464	1004	96	48
5	5856	1392	384	590
5	7010	1392	381	611
5	6229	1868	784	108
5	6624	1820	394	58
5	6671	1773	347	57
5	6721	1726	298	60
5	6768	1678	251	65
5	6816	1632	202	58
5	6864	1581	153	55
5	6336	1392	575	48
5	6720	1104	96	48	

#koopas
3	1641	1034
#Bigbox
6	720	1104	142	144
6	817	1008	142	240
6	1200	1104	240	142
6	1392	1008	192	240
6	1532	912	192	336
6	1532	1152	286	96
6	3890	433	192	48
6	4176	576	192	48
6	4418	530	668	48
6	6386	1104	142	142
6	6482	816	142	428
6	3745	1152	334	96
6	3842	1056	334	192
6	3937	960	334	289

#Questionbrick	1 coin	2 powerup	3 mushroom	4 switch
7	539	1065	1
7	586	1065	1
7	683	920	1
7	730	920	2
7	1257	964	1
7	1976	1154	2
7	2120	1059	1
7	4381	1109	2
7	4282	385	3
7	6046	1104	4
												

#Portal 
50	300	110	316	140	2


#venusfiretrap
8	1080	1108	1
8	5545	1110	2

#camerabound
9	-56	-8	64	1385
9	1	1351	8451	24
9	2619	2	5848	42
9	8451	0	42	1376
9	5629	1992	2047	24

#koopas
10	1823	1056	24	23
10	1512	1059	24	23		


[MAP]
Worldmap1-1\worldmap1-1.txt	Worldmap1-1\world-1-1.png	1110	176	41	29	30	

[MAPPIPE]
Worldmap1-1\map-pipe.txt	Worldmap1-1\world-1-1.png	1110	176	41	29	30		